
### Ablation — F-max overall (Experimental-only truth)

genome         diamond              pfam                 combined             priors             
-------------------------------------------------------------------------------------------------
ecoli          0.411 [0.403,0.419]  0.059 [0.054,0.063]  0.408 [0.400,0.416]  0.408 [0.400,0.416]
hpylori        0.147 [0.107,0.207]  0.000 [0.000,0.000]  0.147 [0.107,0.207]  0.147 [0.107,0.207]
mgenitalium    0.207 [0.100,0.348]  0.000 [0.000,0.000]  0.207 [0.100,0.348]  0.207 [0.100,0.348]
mjannaschii    0.352 [0.290,0.440]  0.000 [0.000,0.000]  0.352 [0.290,0.440]  0.352 [0.290,0.440]
ecolo157       0.271 [0.188,0.362]  0.055 [0.015,0.104]  0.269 [0.182,0.354]  0.269 [0.182,0.354]
bsubtilis      0.264 [0.235,0.298]  0.058 [0.039,0.074]  0.269 [0.235,0.301]  0.269 [0.235,0.301]
mtb            0.338 [0.322,0.352]  0.073 [0.063,0.082]  0.336 [0.320,0.349]  0.336 [0.320,0.349]
synechocystis  0.201 [0.161,0.237]  0.026 [0.005,0.049]  0.193 [0.155,0.230]  0.193 [0.155,0.230]
paeruginosa    0.220 [0.198,0.237]  0.004 [0.000,0.007]  0.220 [0.199,0.238]  0.220 [0.199,0.238]

### Ablation — F-max overall (Full-GOA truth (all evidence))

genome         diamond              pfam                 combined             priors             
-------------------------------------------------------------------------------------------------
ecoli          0.656 [0.645,0.666]  0.137 [0.133,0.141]  0.670 [0.662,0.680]  0.670 [0.662,0.680]
hpylori        0.754 [0.732,0.775]  0.000 [0.000,0.000]  0.754 [0.732,0.775]  0.754 [0.732,0.775]
mgenitalium    0.913 [0.894,0.929]  0.000 [0.000,0.000]  0.913 [0.894,0.929]  0.913 [0.894,0.929]
mjannaschii    0.641 [0.624,0.668]  0.000 [0.000,0.000]  0.641 [0.624,0.668]  0.641 [0.624,0.668]
ecolo157       0.807 [0.797,0.816]  0.256 [0.246,0.262]  0.835 [0.828,0.844]  0.835 [0.828,0.844]
bsubtilis      0.609 [0.594,0.629]  0.257 [0.248,0.265]  0.673 [0.656,0.686]  0.673 [0.656,0.686]
mtb            0.681 [0.669,0.695]  0.240 [0.232,0.248]  0.716 [0.706,0.726]  0.716 [0.706,0.726]
synechocystis  0.564 [0.547,0.583]  0.268 [0.260,0.278]  0.614 [0.598,0.630]  0.614 [0.598,0.630]
paeruginosa    0.597 [0.582,0.612]  0.037 [0.033,0.042]  0.601 [0.587,0.616]  0.601 [0.587,0.616]
